286.22
323.07
160.65
132.4
156.27
187.5
171.77
331.87
112.83
248.17
140.72
309.6
141.89
225.55
349.83
188.85
111.77
153.42
199.46
183.42
157.4
334.03
270.8
340.53
209.49
335.08
101.46
252.58
300.27
158.25
333.12
290.82
306.61
243.37
298.15
182.26
155.87
178.1
246.13
307.48
172.62
200.64
315.51
253.68
347.8
150.92
306.8
268.97
162.24
218.95
199.77
249.86
300.13
126.27
305.36
310.27
188.63
207.52
243.06
275.21
285.62
289.47
197.28
207.33
339.09
243.24
312.43
169.09
255.58
247.09
340.87
121.48
225.12
230.4
122.54
326.17
321.1
209.75
295.43
137.12
254.95
165.16
211.41
311
149.05
175.96
220.82
184.45
299.62
346.87
139.76
159.22
275.56
193.87
343.43
343.08
260.92
315.02
200.47
257.98
346.31
239.87
333.4
280.09
221.01
259.76
321.91
149.68
198.84
348.04
200.59
264.71
325.34
348.85
263.29
127.11
109.03
254.52
241.79
340.49
286.53
265.63
230.83
164.97
340.5
235.05
107.57
274.08
229.93
114.76
322.51
182.55
157.43
128.49
177.73
157.11
263
116.54
168.86
170.46
320.02
211.08
288.98
250.82
295.82
128.48
344.64
312.15
112.66
216.55
181.41
257.55
157.57
244.97
250.79
249.97
212.11
108.86
228.45
201.93
127.01
214.97
212.72
237.79
301.35
275.21
318.06
113.05
154.92
214.91
339.63
297.51
212.97
183.36
114.77
285.23
226.7
149.98
206.8
142.17
287.92
192.09
335.45
104.29
307.26
256.65
234.69
262.63
281.66
123.62
319.39
103.59
173.58
144.98
331.57
117.05
245.27
259.29
262.82
316.16
113.99
304.21
232.23
273.59
153.1
235.82
275.63
339.11
211.14
121.35
114.33
257.36
299.04
272.8
186.33
336.7
230.05
338.45
118.4
151.76
293.76
328.55
295.64
173.88
137.96
311.98
296.21
167.71
156.95
180.26
307.39
305.55
242.67
242.96
171.5
274.78
299.06
210.4
211.55
216.42
169.76
268.84
325.92
327.13
286.8
165.13
272.41
132.96
130.88
147.73
136.43
246.26
118.34
305.58
280.73
331.46
223.16
263.72
322.53
234.63
170.55
343.99
109.11
181.56
343.25
191.26
177.29
130.23
328.94
133.87
183.03
324.37
224.91
253.82
245.78
274.56
107.33
231.97
108.02
306.79
185
311.68
161.52
245.37
334.42
111.95
113.49
105.15
270.37
249.66
128.51
299.06
254.46
117.55
117.32
134
297.22
123.1
159.47
160.91
126.21
314.59
274.55
283.44
262.63
229.07
181.6
265.44
129.39
136.95
104.94
341.07
342.59
130.97
216.85
264.17
172.55
288.63
239.53
206.95
166.8
288.43
324.59
282.11
201.71
334.58
163.86
233.29
338.69
166.94
162.52
331.92
117.15
174.85
247.9
150.82
258.97
299.59
225.43
262.7
298.99
158.34
250.21
128.12
228.94
309.46
330.2
224.56
169.4
263.13
329.32
227.46
343.55
149.32
127.8
174.34
199.1
205.19
177.87
273.46
122.97
200.52
173.8
176.62
126.39
248.46
170.68
138.81
100.16
170.9
237.7
317.73
110.56
326.18
132.74
308.43
300.12
329.47
134.33
226.18
201.24
143.39
243.8
251.55
153.61
229.98
347.3
222.48
273.72
202.86
108.69
173.21
300.36
186.63
120.83
227.78
191.71
284.87
231.19
301.13
304.23
147.37
130.92
305.25
259.47
104.03
323.99
228.84
236.13
251.61
290.11
313.84
195.72
121.16
283.47
183
309.94
192.93
307.05
144.13
132.38
319.97
111.02
271.68
283.44
209.29
194.96
344.91
199.75
210.05
139.2
181.51
178.52
323.63
161.76
177.67
202.22
277
135.91
317.83
120.79
215.43
107.6
288.3
275.01
153.63
269.98
239.32
312.67
239.64
325.44
204.88
189.53
222.25
163.99
332.29
216.69
163.5
207.8
275.63
200.58
145.46
314.06
246.05
193.39
155.42
154.75
230.56
208.36
285.33
117.61
311.83
269.97
134.16
314.6
149.96
251.84
235.76
140.58
101.41
292.87
291.2
205.27
114.2
246.44
143.54
282.15
233.57
163.27
329.26
289.55
321.76
117.2
145.88
284.27
274.18
294.25
225.48
206.37
252.81
313.94
267.7
230.9
174.7
275.99
195.4
241.92
321.97
310.74
324.7
334.75
303.86
100.34
100.77
121.87
165.18
105.7
206.02
185.27
235.34
331.54
174.62
184.52
314.87
185.12
134.53
226.95
314.16
196.08
273.92
256.98
212.6
218.4
337.43
120.87
169.96
211.75
246.89
319.41
217.28
209.35
286.55
216.98
315.21
216.63
224.53
221.86
157.37
121.39
116.85
322.1
158.29
315.4
277.93
318.2
334.5
134.92
198.47
345.14
261.2
324.1
220.56
103.52
255.72
157.77
231.86
281.25
251.85
247.09
208.36
161.04
207.24
102.54
252.21
339.49
123.86
108.9
321.56
161.74
102.23
303.73
135.12
319.97
123.84
188.14
248.36
246.3
266.92
262.01
208.34
134.94
287.98
160.45
262.61
314.34
121.09
343.02
107.86
308.85
308.93
112.46
236.47
335.79
180.37
301.62
250.35
297.41
299.8
112.39
170.8
263.36
222.41
343.21
287.12
241.96
174.74
164.03
321.64
211.7
304
124.58
314.9
106.91
324.79
324.98
231.03
130.05
144.45
276.53
307.84
108.71
289.46
339.28
185.72
259.56
185.75
154.12
296.55
280.77
169.71
245.61
205.25
123.02
106.01
222.79
169.57
184.94
171.84
142.73
199.82
274.41
150.92
266.58
210.77
208.32
143.81
148.3
254.11
167.25
239.92
336.2
278.62
269.8
339.85
293.83
251.93
337
114.91
167.18
346.67
293.05
218.84
270.22
204.23
195.04
153.32
195.73
107.42
218.08
183.34
343.96
238.86
311.58
202.02
215.5
306.58
347.8
230.99
331.36
284.76
241.86
342.19
306.12
339.9
261.59
194.89
219.14
327.97
103.71
139.17
217.89
235.75
114.92
264.51
322.41
127.41
209.44
170.06
346.31
252.19
163.44
133.15
236.25
306.95
309.25
308.34
150.93
236.1
318.74
130.25
314.09
324.94
154.47
119.24
218.55
308.76
217.35
203.44
225.69
131.36
133.07
317.62
250.74
166.33
316.2
114.53
214.44
280.55
184.75
200.31
231.74
323.56
294.59
117.34
169.7
194.84
316.17
204.99
159.97
249.41
219.85
324.64
333.68
304.47
277.23
285.81
324.93
116.31
183.98
101.08
307.02
226.86
191.54
156.66
233.71
172.37
117.09
121.24
117.08
202.45
130.85
210.75
324.73
188.41
130.04
242.28
318.76
187.14
110.48
135.58
119.15
285.13
214.13
267.06
274.81
242.84
257.17
319.44
265.59
318.85
216.88
135.33
117.03
278.56
177
267.79
263.11
232.76
278.78
226.2
222
224.46
333.99
197.32
129.29
160.11
271.23
309.81
342.54
153.79
290.09
246.03
200.74
227.51
223.91
262.84
285.93
175.49
122.4
306.49
197.4
293.83
144.84
127.34
326.29
319.09
349.95
316.06
109.22
236.17
349.4
227.75
318.38
117.56
346.88
330.68
241.07
207.87
184.46
280.18
103.41
193.51
330.67
236.62
218.47
224.13
177.24
337.71
345.5
228.39
348.15
213.96
206.51
153.3
148.31
308.19
281.66
232.44
307.27
227.97
237.99
153.32
246.96
135.69
113.06
270.83
252.14
154.91
201.57
257.48
238.83
131.89
142.3
100.25
204.54
222.12
139.97
266.71
104.48
129.92
338.03
343.96
107.73
223.47
315.68
160.72
308.57
303.4
257.24
100.56
194.93
326.1
270.09
194.71
257.99
160.82
242.85
345.43
312.42
170.86
270.61
189.53
346.73
121
162.58
302.84
121.11
232.81
300.16
284.71
135.42
209.47
187.6
219.62
246.85
136.45
326.33
260.05
140.73
241.48
332.9
295.78
271.42
216.55
165.08
242.32
162.19
179.83
327.7
321.31
298.65
331.45
144.71
229.39
256.75
328.3
265.99
197.3
285
304.41
250.09
121.25
330.59
113.4
231.76
129.71
195.04
303.21
161.02
321.11
278.16
194.54
162.23
163.21
291.81
112.47
271.32
255.07
286.67
344.31
195.98
165.05
319.37
301.52
215.28
122.74
241.07
146.85
232.92
188.76
178.7
281.69
228.94
297.66
151.12
269.53
113.12
300.29
269.64
336.5
122.89
327.11
227.49
253.73
179.02
119.37
312.65
136.13
192.62
255.6
349.39
229.34
347.63
156.63
199.5
274.14
116.16
286.92
205.1
302.83
150
