194.9
179.77
346.51
279.55
203.3
124.66
283.64
259.33
118.46
130.13
345.4
224.2
105.6
113.46
135.22
323.37
216.46
240.21
223.61
116.95
324.41
172.14
167.26
248.55
218.97
192.08
263.9
334.55
255.11
170.71
151.3
209.78
106.81
319.05
252.52
150.9
229.98
113.46
315.55
210.73
237
241.72
270.1
192.84
119.56
214.09
111.96
284.56
109.5
338.56
285.59
334.36
228.34
160.23
164.99
289.74
348.34
189.18
288.21
127.51
249.26
207.65
282.68
165.29
123.7
212.74
260.02
133.01
213.21
263.05
306.75
177.02
200.59
321.06
275.14
160.47
289.96
172.73
169.36
101.53
193.68
209.23
176.07
172.72
160.63
334.17
315.05
199.31
219.85
241.25
222.4
167.45
347.44
145.92
315.41
108.16
182.99
287.19
261.09
142.31
338.05
235.82
162.85
244.64
328.87
323.9
220.63
210.69
177.94
113.83
288.45
132.99
188.98
198.97
321.38
105.31
311.02
172.02
162.59
222.09
282.26
150.65
154.07
344.08
248.31
176.1
341.93
323.99
147.51
100.45
277.94
316.93
129.58
109.76
249.55
251.08
229.11
101.88
272.23
336.51
318.38
128.32
188.64
160.48
240.08
253.18
175.2
299.54
298.91
295.27
187.77
113.57
277.18
348.23
140.62
128.39
328.22
220.41
312.95
302.48
146.69
161.8
113.55
252.24
294.31
227.77
106.94
347.6
225.24
183
143.47
256.41
243.78
287.75
138.38
189.2
135.99
312.65
184.47
168.8
101.5
300.48
224.35
234.46
317.73
280.71
267.02
144.71
237.62
339.97
249.01
302.14
346.13
321.48
153.46
108.66
212.78
103.45
218.43
337.8
162.24
196.61
207.86
307.72
306.16
213.25
195.14
331.47
285.21
284.41
336.73
227.52
297.97
213.04
312.3
197.61
284.59
344.11
230.82
207.48
151.79
180.85
127.72
193.8
182.48
185.53
304.28
232.92
230.28
293.58
130.07
256.36
186.66
183.65
243.65
315.98
149.64
268.11
325.46
149.79
174.57
224.13
322.48
225.35
169.25
233.49
243.56
203.2
103.69
275.69
226.69
195.32
116.23
189.65
158.56
150.88
303.44
198.36
113.39
193.76
293.75
141.32
328.05
179.8
182.44
151.06
291.8
117.49
337.51
139.55
171.61
271.78
135.29
228.02
280.33
332.21
283.03
287.46
201.83
159.87
230.21
154.77
310.6
265.73
304.06
298.47
217.28
177.38
271.89
346.71
292.48
307.4
276.52
248.83
288.22
224.18
316.28
117.01
342.14
124.69
236.74
200.74
126.76
281.04
253.42
295.74
241.66
302.83
244.19
336.01
317.86
226.9
297.21
218.26
307.2
180.62
344.04
169.55
118.21
287.81
307.8
330.58
181.76
301.02
234.56
215.82
305.19
337.98
119.07
277.17
158.73
199.72
167.03
308.13
348.84
262.44
275.99
333.08
271.91
242.09
195.21
258.64
190.81
201.9
192.17
217.1
225.85
327.63
151.61
184.65
243.53
221.73
165.55
244.9
319.58
115.24
210.22
121.06
240.81
234.83
292.01
158.27
246.84
214.74
315.25
265.21
188.47
186.8
163.43
338.13
174.55
139.6
190.32
285.41
276.48
275.22
101.56
193.59
325.37
179.59
249.27
174.45
131.25
197.09
304.42
345.29
315.5
120.96
184.43
159.03
179.45
346.11
237.06
287.31
310.46
141.72
325.77
126.28
286.27
282.34
279.37
133.36
211.45
227.2
232.62
314.93
269.43
301.46
232.81
338.97
116.67
235.38
170.42
220.23
271.22
152.06
252.04
181.54
320.21
133.35
125.6
339.78
138.23
138.13
138.89
122.39
213.61
267.22
307.83
297.56
278.18
218.15
277.15
339.51
226.44
176.26
297.45
159.1
158.58
216.17
254.85
253.83
130.66
130.95
171.11
283.93
202.83
307.25
333.78
199.77
113.05
242.8
286.92
180.06
223.23
155.41
334.82
220.58
235
155.26
123.99
115.04
304.88
292.87
148.92
323.78
271.07
264.21
347.6
108.42
206.06
222.5
245.88
120.82
265.04
113.08
239.21
278.01
221.98
254.4
153.44
261.41
195.16
125.93
194.38
165.72
160.32
255.73
230.73
203.31
154.45
314.64
315.25
170.98
253.85
294.87
338.71
329.9
196.2
140.66
299.19
128.45
139.71
188.96
311.94
245.7
246.54
331.46
243.77
102.49
302.34
252.2
219.98
167.11
164.52
220.25
156.84
112.15
142.31
164.61
149.48
251.42
305.93
302.65
300.56
277.03
314.84
295.27
150.95
348.34
123.41
262.65
153.79
160.97
184.92
149.47
226.71
337.69
198.65
246.12
251.63
278.66
200.38
314.67
330.12
287.71
171.4
299.2
135.69
226.14
252.67
275.95
195.84
282.17
321.82
113.96
134.55
315.77
205.44
202.83
339.79
287.56
345.25
158.38
124.06
196.15
225.07
242.56
344.16
223.21
200.22
348.75
165.25
266.33
341.06
267.79
174.79
232.78
100.37
320.95
201.1
175.3
337.65
215.16
171.91
121.16
245.55
138.27
118.27
245.14
171.75
190.48
281.21
314.58
186.98
340.44
338.39
151.51
292.06
253.88
329.73
250.63
275.53
285.92
196.28
162.88
109.19
218.03
261.27
169.74
229.47
161.42
174.38
262.62
322.85
315.28
152.48
199.77
321.97
164.13
341.7
254.79
141.34
306.55
263.92
236.61
162.83
110.04
158.34
190.28
258.36
346.52
151.79
289.27
321.58
218.06
139.73
302.73
219.13
129.07
318.93
258.8
124.32
327.11
108.75
109.94
347.14
271.55
194.17
226.08
290.87
112.22
281.48
275.33
214.72
245.57
184.77
142.66
199.8
329.94
156.51
190.25
181.14
120.9
228.17
308.22
326.15
280.9
195.75
174.5
272.93
320.11
331.14
120.31
220.67
132.07
163.23
320.99
149.07
130.34
235.92
178.66
195.51
297.88
309.79
270.06
204.23
260.72
153.52
254.32
268.8
250.26
186.58
191.1
142.87
298.84
223.17
188.66
293.77
159.2
311.21
304.13
311.56
192.55
195.81
315.33
215.98
242.64
273.83
340.23
236.58
259.14
242.72
331.78
315.94
142.46
144.67
160.88
287.94
149.78
345.74
277.41
143.86
314.57
327.35
340.42
242.65
240.72
144.17
228.42
237.12
141.32
223.47
233.78
149.7
255.79
106.58
179.7
233.25
181.69
250.55
190.48
133.73
328.45
260.14
264.69
268.83
286.14
310.54
229.16
137.97
195.17
305.25
142.84
182.49
341.62
301.57
155.55
349.94
115.93
206.37
201.08
200.07
127.98
206.08
253.39
347.02
154.98
188.52
166.56
172.87
147.1
105.71
212.35
160.91
317.18
232.15
328.53
343.48
246.36
129.74
331.63
248.39
320.9
206.12
251.81
117.69
331.19
260.52
126.12
275.06
198.95
121.23
153.62
162.2
156.66
275.75
288.54
236.82
238.37
257.64
346.36
258.57
250.11
327.3
242.71
183.85
339.28
209.98
250.39
280.07
269.69
153.19
120.41
168.62
316.88
239.84
216.16
207.58
293.5
263.48
264.43
140.26
208.09
226.27
193.83
220.09
185.61
294.29
195.99
277.89
220.23
282.3
334.39
229.31
325.77
154.55
318.3
120.67
216.35
105.48
302.07
144.8
141.35
145.4
272.86
153.44
174.53
292.08
225.29
327.37
114.46
209.19
243.06
241.27
305.95
131.52
175.03
100.53
337.78
291.57
287.83
134.72
187.33
137.84
224.18
302.16
258.22
272.1
259.89
282.33
314.96
256.74
145.15
243.33
140.89
326.51
119.34
184.63
245.15
218.81
301.33
232.69
156.83
277.37
137.16
264.53
258.5
157.33
145.56
141.59
137.4
150.69
338.74
103.98
339.38
106.42
342.78
174.4
231.27
315.58
324.1
147.25
265.18
335.31
343.93
126.98
144.72
286.64
112.37
117.82
222.28
312.47
349.26
101.1
235.65
315.34
327.28
311.34
319.72
286.55
129.37
227.26
142.21
307.78
332
142.37
320.93
196.97
195.64
167.86
316.97
285.38
211.97
277.41
336.08
143.53
161.15
260.23
302.15
313.34
199.53
128.87
120.07
190.12
307.23
153.65
297.76
263.67
106.54
296.44
330.64
223.08
308.5
132.84
289.95
331.43
308.18
164.85
153.26
230.58
199.34
219.78
348.48
251.12
336.23
222.61
209.49
293.16
286.02
210.73
113.25
121.96
299.5
263.9
108.08
239.27
279.95
127.6
154.16
302.76
134.67
320.47
330.89
103.19
194.29
141.95
235.06
125.42
109.82
333.31
342.9
190.23
261.05
116.99
151.98
109.9
217.34
137.52
347.83
170
