462.94
481.16
325.4
482.68
426.47
319.51
355.7
409.38
491.5
492.98
331.52
494.12
491.43
397.08
460.06
328.38
384.35
483.15
458.44
491.9
431.15
307.14
469.83
486.8
435.75
451.55
448.63
378.45
431.1
334.24
441.21
306.37
355.38
309.23
319.43
464.69
438.97
363.42
490.04
306.89
387.75
376.31
453.1
459.04
337.37
397.95
389.12
429.26
441.87
450.94
355.2
435.94
431.02
332.52
323.8
399.67
491.95
368.08
417.05
344.76
450.25
351.02
401.19
439.82
478.18
491.86
409.44
327.72
329.86
351.5
468.14
350.86
462.86
348.7
485.85
370
339.32
350.22
423.21
394.66
370.33
466.17
417.05
409.94
483.44
357.17
451.44
450.75
376.09
413.56
315.17
310.79
406.16
455.83
486.8
325.98
413.76
393.88
302.38
367.42
332.44
458.86
362.24
405.71
333.13
420.4
352.59
430.82
437.84
449.63
390.11
316.76
345.8
482.67
330.48
465.16
407.67
499.23
315.64
388.54
321.33
492.38
300.93
454.98
463.46
473.74
316.89
379.96
351.97
460.01
386.28
482.13
336.37
352.76
329.11
327.21
473.86
415.94
409.97
328.99
470.61
424.41
370.19
402.65
380.36
315.19
347.98
324.66
336.78
347.99
383.45
309.93
480.54
488.96
398.17
397.85
367.54
480.01
373.85
322.24
456.05
377.95
348.34
380.78
319.29
326.39
488.41
491.23
415.04
311.96
346.96
370.63
464.24
303.08
308.6
333.8
429.82
446.34
429.55
390.18
409.4
359.26
448.94
337.79
437.36
336.7
373.7
425.12
456.05
316.23
485.88
455.14
397.36
387.17
389.36
361.27
401.7
402.15
463.53
458.97
428.86
375.72
462.32
406.57
370.15
487.8
475.19
410.03
424.5
417.41
341.55
360.25
394.18
346.1
468.86
338.95
345.18
334.14
345.53
387.14
362.22
484.68
386.04
336.96
480.98
495.95
387.77
322.22
351.61
381.74
418.98
352.44
420.57
442.24
344.35
323.48
359.34
363.76
384.83
401.57
317.1
352.5
460.2
305.84
485.77
446.07
397.72
415.7
347.46
391.77
492.62
409.36
404.23
346.32
397.78
424.81
435.83
379.1
373.49
497.6
307.55
477.03
482.66
459.24
319.74
352.37
367.07
435.95
327.31
444.25
321.35
430.75
398.83
455.81
443.01
480.74
478.18
366.83
439.75
339.56
306.11
448.81
400
395.98
480.94
421.97
423.53
471.89
461.1
415.34
336.58
347.99
477.3
305.73
397.98
333.59
495.74
442.54
400.09
394.22
311.92
436.39
308.49
314.29
404.33
319.35
463.63
463.51
444.49
329.97
431.92
403.72
494.59
429.8
460.07
390.76
386.48
465.06
316.69
326.63
334.68
378.19
466.28
460.67
312.09
379.85
405.38
383.36
431.37
425.59
358.4
386.33
303.1
496.81
333.43
321.24
374.48
339.62
397.94
367.9
490.33
484.07
310.54
447.57
353.82
384.57
409.57
488.55
383.55
496.61
360.29
440.22
433.27
407.83
439.62
433.31
335.63
325.6
499.82
334.22
306.52
412.24
476.37
433.84
338.09
373.78
392.15
496.33
331.28
471.1
428.95
375.25
338.18
385.65
396.4
324.12
417.9
345.24
376.92
416.6
350.36
358.09
423.42
353.06
464.88
496.53
446.05
368.78
416.81
321.55
481.26
475.93
463.55
352.15
418.87
304.5
385.05
362.54
332.3
335.75
384.58
318.85
419.7
394.18
439.19
439.98
427.71
306.72
313.76
363.92
406.17
430.89
381.52
464
443.67
493.73
406.27
365.03
321.13
422.19
455.76
384.69
318.16
353.29
330.73
356.2
388.02
405.43
391.48
475.07
403.61
488.72
427.54
491.54
348.14
435.22
357.81
434.36
439.03
313.6
350.96
344.81
433.57
468.88
368.89
456.1
435.07
301.34
420.43
377.35
483.2
300.23
392.49
384.87
392.18
454.03
364.49
456.95
394.27
307.15
335.17
444.35
394.7
330.54
368.22
421.48
338.35
447.69
348.57
483.48
353.81
453.1
337.73
357.5
318.22
415.24
436.67
409.32
385.15
428.89
429.52
435.8
427.16
489.03
341.79
441.86
347.25
323.88
421.46
390.03
391.75
432.39
454.06
370.04
432.4
383.23
468.39
466.58
351.29
422.69
416.45
408.15
473.99
352.96
363.61
323.84
487.97
429.11
395.89
427.86
408.94
429.46
408.78
444.21
404.5
498.74
343.74
321.16
321.94
312.72
380.92
389.67
373.16
452.7
425.58
454.4
486.57
494.55
338.41
327.77
439.25
318.76
405.08
406.07
472.23
396.97
378.69
434.29
448.25
404.01
369.54
330
417.22
352.43
308.89
450.99
348.56
388.48
437.56
371.85
447.27
378.94
436.68
440.81
388.46
303.92
366.17
384.86
354.05
339.41
464.34
385.98
477.55
378.24
453.82
379.36
461.7
451.02
375.48
343.2
458.08
489.86
365.51
434.25
387.73
466.7
453.77
333.45
472.4
497.97
402.88
476.86
417.61
330.95
339.97
381.39
449.74
465.12
457.99
363.7
406.81
317.99
322.34
327.26
435.73
399.04
337.94
399
329.52
310.99
470.14
412.11
485.92
439.33
416.56
463.08
475.8
497.78
300.1
473.09
422.51
497.99
405.54
395.9
460.27
345.57
399.62
480.17
414.93
469.04
447.73
417.2
349.35
433.28
316.7
425.19
432.19
445.95
478.15
496.46
453.81
416.29
485.66
416.02
303.4
324.17
472.54
396.86
468.97
341.88
410.46
425.98
306.4
422.94
372.48
309.91
397.91
338.5
324.62
341.1
329.3
337.81
308.53
427.04
356.37
407.72
439.03
399.82
407.16
389.04
324.79
398.07
470.6
474.79
354.06
341.69
413
428.06
383.41
341.2
489.59
316.41
321.14
328.41
333.29
424.19
414.74
310.42
486.24
445.73
447.57
312.68
472.09
486.88
496.88
471.79
457.11
402.68
335.52
379.72
326.79
306.18
487.83
360.26
359.11
366.59
393.41
429.64
305.05
468.44
411.81
470.82
369.58
389.21
310.85
335.42
432.56
366.17
479.7
323.63
497.68
408
441.38
499.9
357.57
382.9
392.97
452.79
463.64
320.04
335.62
371.93
311.34
404.38
367.17
335.13
341.79
481.03
435.08
393.69
482.43
320.8
449.11
447.25
412.37
336.84
419.44
359.99
326.82
342.52
478.99
314.29
348.5
310.75
388.34
302.66
479.44
339.33
318.67
361.47
391.21
320.33
499.08
366.42
359.47
312.41
359.65
309.27
401.09
452.29
426.21
317.98
316.17
455.45
481.03
406.75
321.83
465.16
367.62
358.79
449.26
302.07
309.69
433.58
420.69
405.22
445.94
441.45
456.28
357.6
438.51
411.33
379.3
312.32
456.04
367.52
421.57
448.25
320.96
325.58
409.91
397.05
478.1
459.79
446.87
310.27
314.58
317.71
459.67
488.6
436.74
326.42
444.54
322.07
323.5
428.14
365.76
430.76
449.83
416.64
448.01
346.97
446.99
494.12
473.39
317.25
373.29
373.84
437.01
419.59
457.87
373.53
341.21
317.33
454.39
341.13
377.65
410.36
345.79
428.39
396.9
330.37
456.39
320.12
358.81
347.47
406.17
318.3
381.06
320.97
322.46
456.89
358.31
420.71
492.88
386.5
438.95
451.62
386.53
431.1
321.95
486.75
337.49
353.24
459.57
397.52
453.79
379.2
354.59
307.45
434.66
385.91
390.35
421.97
311.88
363.16
454.54
439.29
325.07
326.03
318.47
301.56
384.62
431.11
444.58
406.24
321.76
426.35
325.3
326.86
319.72
328.41
333.65
339.25
363.5
363.29
343.51
350.21
478.58
440.64
411.15
336.89
342.41
315.47
482.76
441.34
411.56
362.69
333.24
424.5
497.59
334.09
351.56
379.36
314.8
436.82
380.48
496.57
380.44
424.13
330.87
376.27
332.23
451.62
474.22
370.16
437.11
358.83
406.13
466.48
419.5
367.06
359.85
390.52
384.53
371.92
411.66
448.51
384.87
385.87
324.97
304.89
358.04
363.5
430.74
491.39
487.15
391.58
348.1
452.78
451.87
448.13
448.74
321.18
436.31
392.65
342.43
319.7
464.71
335
332.71
433.2
478.88
403.31
440.54
330.72
490.69
408.18
435.95
307.31
461.84
449.72
324.04
405.01
365.17
409.29
379.78
383.02
336.15
351.08
304.11
484.74
430.74
486.52
332.7
484.22
458.93
415.48
388.01
351.52
450.39
345.73
312.84
453.47
434.24
443.04
428.41
383.81
378.15
463.23
363.49
462.91
457.81
470.45
401.13
427.13
490.18
388.79
312
473.35
370
