49.894
86.876
70.697
60.662
57.818
69.381
20.352
74.776
84.88
20.581
77.724
73.714
89.8
35.936
84.368
64.94
27.372
38.771
73.469
76.386
27.298
52.883
35.334
84.59
42.423
80.028
38.189
81.464
33.179
73.144
22.218
64.964
59.681
46.349
34.878
75.451
30.181
54.24
20.899
33.063
53.966
78.676
29.874
71.255
68.375
22.414
54.22
87.997
27.872
72.025
64.698
61.593
54.904
59.75
49.855
25.337
40.341
59.293
64.333
85.154
88.444
26.552
66.321
62.194
53.167
44.938
53.29
66.972
87.175
26.236
75.842
61.354
83.854
27.079
40.531
23.611
55.289
73.786
39.809
35.775
43.19
51.728
71.617
55.692
46.776
83.384
87.568
63.979
29.242
63.281
46.811
89.384
40.078
69.433
57.464
33.525
68.26
23.532
32.91
23.196
81.953
78.786
28.271
48.729
28.416
60.046
86.457
37.947
89.291
44.487
34.597
66.608
88.134
63.589
24.448
46.146
31.638
36.189
23.655
83.123
75.53
46.111
78.244
72.768
63.53
47.587
45.149
26.22
43.917
58.407
52.238
65.182
55.946
77.01
26.803
52.46
61.287
33.102
62.793
23.636
60.301
78.964
54.981
50.732
30.434
21.98
72.967
75.727
40.549
28.064
46.256
78.023
78.924
66.567
87.21
86.018
27.889
65.38
53.656
24.656
82.844
54.806
73.991
24.225
38.372
65.575
29.352
64.698
46.946
73.599
65.704
46.704
41.001
43.81
84.325
51.939
50.975
51.793
86.17
35.338
81.768
21.391
43.924
73.622
43.996
63.316
51.711
20.711
61.936
62.11
65.459
43.99
54.531
69.124
82.146
23.854
26.885
65.485
73.485
89.157
28.773
45.513
67.336
46.303
80.442
40.438
29.343
67.086
34.181
80.796
72.581
49.357
20.016
30.462
39.168
81.07
62.088
42.483
39.901
50.472
83.263
84.757
55.37
63.931
70.348
21.674
60.245
23.257
49.577
52.741
21.584
24.555
84.677
57.39
45.676
45.476
30.596
30.473
44.556
43.518
74.882
54.072
52.536
29.188
82.047
67.219
78.461
65.954
88.874
88.585
37.511
63.72
70.977
54.872
79.488
33.364
28.69
20.195
30.707
57.391
55.744
46.965
41.742
20.249
77.067
64.689
51.384
37.086
76.237
77.678
79.653
52.708
87.949
78.887
25.498
36.632
77.23
48.408
52.642
86.608
87.55
73.57
60.217
84.115
54.68
31.621
42.82
40.751
59.081
24.723
24.828
31.675
86.321
76.776
69.732
87.917
89.89
89.122
30.506
87.094
57.132
25.186
41.827
82.662
78.434
20.164
64.815
76.223
37.159
24.489
38.42
27.19
53.86
49.322
46.69
82.074
49.439
39.869
23.373
35.342
36.742
22.048
69.162
20.534
62.764
48.566
37.426
65.672
42.419
27.257
57.49
31.541
81.841
66.652
79.342
73.386
76.491
64.307
69.73
68.206
42.466
57.215
81.124
23.818
55.028
50.293
83.3
64.113
88.813
60.964
78.845
52.817
58.166
32.537
64.412
87.407
57.381
53.573
75.557
26.49
81.656
20.271
55.807
67.492
59.602
53.492
42.436
62.111
83.921
67.776
86.271
26.936
55.772
27.709
58.168
68.215
30.319
74.429
47.934
82.881
41.493
24.274
35.363
25.798
86.528
21.146
28.027
20.869
35.136
20.8
64.971
56.189
37.188
33.562
26.361
45.791
20.546
62.189
53.52
41.568
72.111
78.754
38.37
55.997
51.274
43.885
78.74
88.774
63.853
32.689
28.611
60.598
42.998
38.773
58.517
32.636
67.494
23.898
22.384
40.056
25.417
83.04
79.262
47.699
31.845
50.132
49.135
71.013
48.453
86.627
83.839
86.599
44.22
40.317
82.069
34.702
29.161
56.436
83.382
48.177
35.103
25.512
85.314
62.201
46.424
66.545
75.453
43.344
68.486
34.267
87.11
69.828
31.683
50.994
64.31
85.098
57.053
63.853
67.657
84.624
30.698
48.4
41.873
68.573
82.348
54.347
76.408
42.851
58.492
47.215
82.778
67.328
77.988
27.706
39.546
73.735
35.124
22.384
50.559
85.58
38.346
59.882
45.169
21.879
55.029
77.891
38.129
23.212
37.253
66.251
43.059
66.165
20.91
70.265
47.378
22.345
48.421
70.142
84.494
88.881
88.839
82.741
80.599
76.067
58.849
49.321
28.899
65.823
80.478
39.222
78.811
24.953
46.515
38.772
30.704
64.17
42.146
87.138
54.907
71.703
20.893
62.375
60.352
76.517
65.848
81.476
83.166
30.656
33.481
75.368
24.249
47.288
40.998
71.393
27.295
75.48
74.791
57.268
37.735
24.967
63.806
21.728
24.343
29.073
51.543
67.064
79.928
54.891
23.415
41.968
64.914
75.047
40.241
54.851
77.29
61.659
57.55
43.161
48.818
75.58
44.025
52.382
45.748
67.57
59.745
65.624
54.378
47.892
53.424
24.661
48.772
87.836
74.65
71.031
73.596
72.961
79.029
73.911
88.506
27.795
47.725
54.444
38.067
22.588
88.207
70.85
30.358
30.353
69.338
46.67
25.349
48.759
30.009
75.924
85.117
20.33
65.503
67.497
37.754
79.023
40.577
21.88
26.532
75.852
69.798
74.838
63.675
77.779
22.452
48.383
37.477
53.663
81.659
39.648
61.94
21.836
30.864
78.374
33.643
78.085
43.665
66.978
23.666
71.402
54.964
86.031
40.284
46.359
27.963
87.54
50.276
25.919
70.167
55.475
42.966
72.747
78.52
37.76
57.41
50.462
31.039
62.034
85.622
27.543
82.999
58.533
49.915
30.667
37.328
51.316
57.295
44.826
74.118
81.718
71.386
48.45
62.293
64.877
28.923
54.733
41.733
60.5
86.053
49.886
22.319
85.06
84.749
45.081
38.199
75.08
55.811
59.377
67.936
26.468
81.081
86.006
26.762
79.212
83.658
20.794
56.658
65.524
46.96
65.451
73.4
60.298
64.234
39.474
78.789
49.878
64.214
78.343
38.913
48.056
58.798
51.071
26.327
72.107
22.283
50.082
22.608
88.306
56.564
83.674
46.827
81.912
37.851
83.633
82.619
47.896
63.751
59.732
82.616
34.992
20.27
81.641
36.459
37.141
64.864
41.317
77.793
81.858
86.176
47.356
76.092
30.998
63.762
68.929
26.011
57.183
82.2
38.457
36.435
78.776
54.688
30.666
36.154
66.057
59.406
40.428
63.561
70.113
39.651
48.859
45.354
74.697
29.484
83.145
40.275
54.969
74.851
67.394
30.487
68.763
29.031
86.216
82.049
56.05
67.559
88.376
28.782
72.657
77.894
74.7
33.362
50.005
21.012
42.77
29.429
51.536
60.059
75.442
49.382
57.278
84.799
82.936
58.138
83.079
23.628
76.602
43.443
36.008
77.568
44.376
31.583
21.969
86.876
67.62
80.239
85.737
67.614
84.22
37.968
81.993
84.403
41.004
25.137
73.718
25.947
71.013
51.352
65.587
31.865
57.201
64.366
20.987
52.926
82.043
27.982
50.978
66.168
40.634
86.526
68.6
34.476
58.833
81.549
59.05
72.663
82.643
78.929
29.16
33.241
30.755
22.023
20.636
61.752
62.633
84.325
71.35
41.08
54.69
38.071
71.3
28.173
72.223
76.685
72.166
43.6
60.903
52.827
26.109
78.01
68.016
38.713
87.864
32.864
40.996
48.783
36.554
33.654
69.377
32.638
56.563
40.732
52.395
84.766
35.112
20.071
83.462
67.603
56.047
56.545
27.204
89.782
45.128
63.767
47.536
20.536
58.17
55.638
37.275
23.178
78.921
23.377
42.142
74.839
88.068
61.052
74.463
70.939
65.569
66.523
85.715
57.456
47.891
66.932
50.837
29.301
50.744
58.335
47.66
47.879
72.594
56.565
54.33
26.208
37.56
51.329
64.657
69.661
89.483
85.254
26.456
86.748
31.396
87.932
61.79
36.816
24.921
41.003
76.948
25.37
44.813
29.241
31.073
24.35
69.129
26.054
63.175
32.164
65.598
54.909
39.916
78.139
77.285
85.672
20.023
64.827
20.515
27.449
27.476
45.698
36.773
44.23
37.473
47.094
49.473
64.805
75.129
38.9
79.079
71.833
77.827
32.753
24.581
62.725
69.109
27.813
26.708
61.848
76.856
77.02
26.261
71.19
83.27
51.656
24.948
36.889
71.231
22.834
49.717
57.815
86.768
34.623
28.143
65.235
27.589
88.845
37.384
62.445
77.169
78.104
54.233
73.251
84.058
83.068
34.997
58.294
74.93
33.611
72.282
53.289
60.828
38.238
25.938
40.869
84.199
52.936
38.863
73.408
74.052
21.491
81.599
75.872
42.692
66.833
40.741
85.097
39.737
80
