501.33
847.1
686.28
792.07
979.95
587.82
445.86
874.85
619.23
751.06
510
446.15
492.2
896.13
580.57
630.33
790.45
890.42
859.76
624.51
513.92
787.9
402.16
569.73
783.16
755.24
595.17
993.37
473.94
841.53
493.97
660.79
899.35
615.95
445.74
734.16
564.36
479.23
819.79
691.54
509.63
460.73
520.95
480.85
594.27
970.33
719.28
548.61
662.37
801.45
728.62
765.43
917.88
628.42
849.37
494.02
434.87
603.82
890.31
626.53
983.56
763.19
602.94
956.79
939.05
910.42
554.08
571.3
867.97
820.84
695.51
980.6
685.7
996.94
694.35
702.07
861.26
632.85
671.96
479.71
855.1
739.14
789.18
878.83
532.27
914.73
942.84
575.21
835.52
603.67
563.61
502.16
798.41
721.51
897.47
560.42
505.69
658.71
685.39
871.13
478.39
430.81
776.5
417.45
481.72
816.73
709.41
725.55
885.09
876.21
701.12
565.98
471.8
931.96
982.17
965.52
782.88
454.35
444.82
509.47
419.01
834.96
486.5
781.56
873.91
739.75
626.45
892.95
582.93
591.62
870.99
702.24
556.6
839.49
497.77
952.65
533.33
450.17
444.22
861.73
890.61
844.26
854.95
976.72
679.86
872.2
653.54
966.24
400.79
988.76
742.12
607.88
734.5
579.87
495.44
799.15
810.52
875.45
609.17
550.04
607
597.18
956.49
853.64
572.94
763.71
859.62
907.69
941.19
757.42
441.12
530.83
921.65
648.53
796.73
870.09
548.73
732.66
537.75
404.15
859.98
413.1
635.86
551.52
522.53
797.37
948.85
404.14
847.85
879.8
944.68
984.74
471.92
711.38
893.18
782.21
972.35
968.16
979.96
440.41
662.52
592.5
480.43
480.75
883.57
714.86
966.55
993
645.94
622.71
536.11
667.62
559.73
675.46
659.74
555.77
480.23
651.54
704.12
594.59
810.81
665.86
661.4
875.81
889.33
851.27
873.55
700.76
733.11
778.45
458.79
547.41
769.44
582.98
860.18
560.34
423.7
577.94
733.82
981.44
813.47
830.73
735.42
720.01
925.43
635.86
674.84
524.95
854.36
728.02
614.43
820.6
465.53
403.97
758.38
795.51
748
945.97
781.6
715.34
555.77
430.7
839.17
498.57
568.24
555.66
728.26
724.76
872.87
921.76
872.52
981.66
508.28
958.36
427.09
544.39
405.31
802.96
942.89
743.45
493.28
701.42
740.64
512.96
594.52
829.62
731.76
485.37
628.22
637.94
746.04
411.64
746.55
959.32
464.12
839.29
982.31
765.33
831.8
581.65
675.41
428.82
631.21
617.03
572.55
890.03
670.32
883.98
874.1
569.77
440.99
432.96
782.51
654.57
943.32
650.39
492.44
724
962.25
796.57
636.79
555.39
908.75
967.03
626.2
440.37
508.95
745.45
511.53
574.87
677
608.19
590.9
675.95
541.54
416.65
795.07
495.28
881.6
645.15
596.44
847.61
847.81
504.37
470.53
504.42
776.45
905.13
706.05
499.46
828.58
944.22
531.12
922.58
527.1
902
915.58
714.03
686.42
933.93
439.05
705.67
772.48
840.14
538
413.12
483.39
861.7
981.86
632.08
996.06
595.84
482.3
630.85
737.58
780.3
724.96
589
495.6
491.57
482.17
825.88
678.92
467.96
820.53
507.99
882.2
708.37
729.06
524.71
870.75
715.89
742.61
653.22
832.69
443.88
756.92
917.19
669.28
791.55
582.08
764.46
567.34
879.74
877.7
972.45
666.6
674.13
759.89
905.57
418.72
512.36
966.16
968.75
671.79
886.5
957.33
803.63
623.4
643.42
663.29
807.19
679.04
971.96
612.82
603.41
937.52
727.26
849.57
474.93
671.94
444.85
798
822.19
951.37
796.04
814.06
912.23
680.74
675.09
883.66
894.86
514.26
415.4
434.09
485.76
502.85
775.51
417.71
683.4
807.07
468.87
541.64
573.45
503.65
594.22
880.67
579.78
865.38
731.66
732.82
838.39
864.17
940.51
482.9
876.45
513.65
417.38
476.43
480.24
476.99
961.16
563.94
965.61
782.89
923.52
620.24
541.72
512.39
727.39
553.07
583.49
409.33
752.49
977.53
909.91
404.76
780.42
615.57
468.44
724.49
649.85
710.26
931.67
489.64
660.81
435.42
628.62
833.42
457.07
800.31
577.84
759.14
491.11
661.83
407.61
537.41
558.21
706.83
529.05
607.67
848.69
648.17
433.45
634.02
684.69
895.19
582.19
893.07
739.41
432.63
556.01
753.46
687.84
519.19
543.41
868.12
770.39
486.48
829.68
640.9
677.43
824.37
640.73
408.63
444.78
754.64
667.6
955.97
456.94
625.25
727.6
467.01
942.68
779.97
943.25
778.33
408.54
589.89
467.12
777.68
436.43
804.4
686.46
583.33
709.8
824.22
888.17
589.49
586.78
606.99
799.78
916.64
857.07
925.5
922.74
503.67
910.13
975.75
862.12
925.01
440.45
788.08
594.46
784.21
927.85
624.18
860.04
500.85
711.83
776.47
828.35
583.84
558.21
949.6
769.02
455.9
776.62
515.22
866.18
918.7
600.15
481.25
859.28
591.17
551.43
520.04
441.41
731.15
642.29
850.07
692.31
630.87
436.85
528.21
726.32
646.39
940.58
433.77
666.11
722.69
480.44
724.57
914.42
518.81
493.37
436.83
796.64
411.16
574.66
984.29
858.78
546.21
809.27
482.71
777.89
914.21
939.88
609.02
691.79
807.71
822.47
676.53
618.56
568.16
445.72
666.77
499.42
639.25
952.35
706.8
948.49
455.16
995.82
457.86
587.89
871.23
761.44
679.54
578.88
479.9
577.01
499.98
590.26
465.9
899.25
982.96
530.96
823.65
423.41
769.78
801.62
422.32
402
485.48
917.44
565.62
719.01
713.33
740.57
599.82
648.05
648.61
990.35
434.64
637.93
874.79
756.51
585.74
941.08
455.88
591.42
932.18
794.46
810.71
684.37
484.75
970.55
929.58
662.46
900.97
595.09
620.58
876.9
459.59
971.07
400.88
577.24
429.07
665.64
873.91
948.11
719.95
882.45
737.6
850.53
405.54
686.07
550.2
584.75
980.17
525.28
712.29
535.33
740.32
998.9
479.12
972.81
474.33
511.74
787.9
476.9
448.79
795.54
416.44
991.11
723.6
624.3
824.04
968.45
629.37
815.75
761.24
865.15
755.1
625.71
910.39
535.44
878.17
998.13
568.79
826.23
798.79
648.9
698.96
969.47
971.91
839.75
630.81
424.05
749.76
738.83
613.11
928.12
774.72
774.41
577.44
444.81
576.22
540.84
607.54
909.09
496.22
494.72
705.2
761.98
496.84
781.27
906.36
869.36
558.74
588.82
509.92
668.48
596.01
567.89
959.06
639.82
627.65
755.71
441.1
523.14
834.17
745.09
520.14
906.09
654.24
726.85
716.78
511.06
449.01
678.46
418.33
660.99
734.72
783.27
420.53
825.94
501.59
756.03
764.84
863.42
433.76
912.84
630.57
639.77
595.25
733.23
577.25
619.67
609.43
778.13
798.67
995.26
966.62
610.21
515.8
951.75
573.22
730.52
951.59
454.03
554.62
656.23
746.63
939.71
530.94
980.22
660.39
870.89
715.14
598.77
658.96
830.74
949.73
934.02
480.82
471.95
936.07
791.85
424.17
702.83
936.67
631.44
575.23
540.42
520.57
628.18
756.87
561.03
773.47
882.74
462.38
837.54
789.15
684.79
959.75
457.87
759.46
540.14
419.4
747.92
905.32
734.14
903.93
522.97
772.75
504.41
573.72
411.1
820.9
971.25
849.41
854.04
725.25
569.24
546.92
571.79
977.88
538.42
722.39
523
660.42
485.33
625.35
876.14
887.69
942.27
724.23
890.72
825.05
425.93
487.57
540
548.02
502.17
541.03
565.28
970.96
608
578.39
642.66
581.34
854.39
615.85
474.94
770.31
613.31
617.76
441.09
920.3
674.74
446.57
942.95
569.02
768.33
797.11
520.01
975.99
799.06
724.78
921.38
734.23
412.84
689.61
884.79
841.61
743.38
405.39
830.97
669.66
795.77
851.92
882.84
417.49
867.89
740.41
445.67
550.97
480.07
738.68
724.59
441.35
993.06
550.66
589.28
580.39
425.22
716.74
553.61
645.23
968.51
951.57
472.75
755.17
615.79
831.58
714.13
556.51
695.85
913.5
834.64
519.47
494.37
622.29
917.36
810.86
780.52
484.79
447.58
925.69
652.26
692.6
676.2
709.41
563.2
538.95
939.72
945.22
762.19
619.14
759.15
801.09
936.74
452.4
723.41
657.07
770.29
735.33
535.51
462.71
405.99
435.49
593.59
867.69
601.29
771.74
995.73
788.8
723.87
620
