778.71
613.04
998.2
534.5
791.47
762.99
632.35
485.31
415.08
652.67
510.46
835.47
622.22
904.94
840.54
742.62
506.11
974.43
559.19
954.75
534.26
624.14
452.5
784.07
508.37
427.03
833.9
608.46
796.37
630.32
776.41
412.99
946.34
880.34
847.51
887.87
629.98
770.37
745.3
718.03
565.04
549.18
670.98
536.63
882.67
991.66
418
721.4
452.25
881.25
993.49
440.17
963.64
410.91
810.3
870.24
720.48
931.22
939.4
775.56
482.72
530.68
509.28
425.09
464.17
769.87
963.8
612.67
646.38
990.61
967.35
805.99
992.98
860.1
602.02
797.43
546.5
577.3
808.11
716.71
646.96
761.58
850.31
750.12
731.08
750.14
707.09
449.56
831.74
997.69
612.72
982.76
607.87
931.93
672.82
648.06
530.64
475.39
585.35
835.66
869.72
816.27
405.88
905.93
953.4
862.57
425.6
626.91
822.6
837.71
534.57
561.43
803.82
686.5
774.23
541.87
506.27
897.79
860.15
960.69
464.73
509.34
459.46
693.86
515.95
937.53
459.45
426.5
734.38
863.5
587.16
507.39
603.37
526.09
706.09
943.82
777.35
460.92
634.51
432.77
700.77
659.03
998.54
886.96
691.39
936.67
482.53
634
956.41
950.5
828.14
771
605.97
961.62
474.86
838.35
787.89
899.89
638.97
849.89
901.13
593.48
731.36
987.48
729.59
598.25
771.68
616.38
853.91
648.34
695.41
816.85
983.64
596.65
902.68
843.44
972.5
419.15
614.12
797.59
568.9
538.23
826.68
774.74
754.37
796.26
428.53
609.27
670.8
544.54
829.03
913.71
568.9
838.63
482.66
902.03
483.16
752.93
619.69
884.06
702.27
693.76
926.23
611.89
669.67
978.12
425.38
983.77
513.52
800.27
751.86
805.07
616.61
772.17
886.69
411.55
450.32
984.88
790.81
538.74
642.09
473.21
561.06
554.71
599
491.34
608.8
473
930.49
456.57
958.02
639.41
428.44
605.42
841.58
876.81
726.94
811.73
936.18
432.88
582.2
427.71
517.29
832.1
833.05
926.68
749.46
442.41
953.65
880.22
571.57
726.2
990.87
829.41
903.38
659.96
682.37
736.43
561.45
849.41
702.33
788.09
584.65
483.23
685.34
617.48
872.87
868.18
801.11
480.1
412.93
735.9
580.49
963.65
988.54
571.97
880.49
937.67
758.52
930.41
966.24
729.49
837.03
746.05
415.51
667.92
787.78
712.72
623.39
962.28
897.72
909.45
623.52
755.91
923.53
960.1
801.08
524.07
792.31
443.23
644.04
800.16
960.24
886.57
690.73
854.05
650.23
983.07
992.78
918.49
633.33
672.85
548.01
870.65
929.7
948.23
734.97
759.32
489.33
939.83
670.24
523.4
939.79
857.55
929.49
570.97
803.94
798.57
473.69
644.39
565.17
830
570.03
937.72
895.95
634.02
698.74
816.88
900.62
765.78
744.84
595.63
673.85
828.28
930.64
832.51
411.17
804.87
663.11
662.69
470.22
888.81
594.91
547.74
605.63
625.42
727.93
737.15
637.49
638.88
709.22
794.52
970.55
833.41
640.05
899.12
480.6
436.28
450.55
498.34
594.53
581.04
407.01
723.94
457.22
487.91
778.68
915.59
984.53
742.5
998.11
732.12
709.28
598.41
658
695.08
442.62
932.64
438.78
661.71
895.98
636.72
768.08
891.18
931.74
958.67
514.47
555.15
938.72
756.02
702.3
767.69
891.65
719.13
521.25
672.34
656.75
979.63
772.03
817.23
832.1
608.14
710.19
734.02
493.9
737.23
816.88
655.87
901.76
838.83
616.02
672.53
631.83
865.33
840.56
658.17
816.25
967.13
870.54
823.34
465.6
633.96
754.54
675.63
430.2
537.21
900.51
409.39
918.23
446.84
801.43
700.13
530.8
742.97
473.31
802.7
759.75
433.59
433.81
491.5
411.77
661.11
899.33
770.43
712.08
918.32
458.62
944.83
464.81
710.2
485.89
735.62
402.75
860.01
909.23
950.09
992.18
703.08
562.85
460.45
704.71
751.37
857.73
449.78
796.96
710.19
502.63
963.13
754.29
664.38
965.15
793.55
671.17
903.82
719.57
732.33
808.04
620.31
543.57
747.35
920.13
644.07
467.57
666.31
580.11
640.83
900.02
642.18
634.11
616.27
484.15
556.08
452.09
657.64
554.37
578.53
654.91
471.52
697.04
823.84
546.14
871.04
444.45
636.33
402.04
532.41
400.78
513.51
485.49
560.85
504.94
483.19
759.33
940.63
963.63
532.71
689.6
625.61
714.27
558.92
441.01
661.8
504.31
415.66
972.81
658.36
976.94
857.45
404.41
808.02
823.57
787.08
731.39
530.87
863.42
536.82
622.52
934.56
913.83
641.46
590.81
765.18
946.12
945.46
754.96
599.54
911.84
665.44
942.61
419.91
719.46
829.9
507.58
601.92
512.63
593.16
642.31
729.14
429.24
731.64
564.89
544.9
545.89
492.5
973.85
961.4
891.23
836.96
505.49
616.22
513.27
400.72
589.85
819.77
775.15
725.84
663.42
572.46
701
856.93
857.44
745.63
848.6
787.32
473.93
702.64
608.36
455.29
488.71
518.9
803.36
658.91
816.64
554.07
405.86
719.37
567.64
967.74
943.87
635.61
414.91
802.86
902.3
982.9
434.16
670.19
749.48
811.98
831.66
790.02
836.15
624.31
748.95
469.67
434.59
987.86
570.89
756.98
977.3
511.47
515.82
604.99
959.74
634.4
563.93
491.17
638.27
624.83
478.67
661.02
454.91
768.78
406.59
743.96
873.84
541.22
668.81
741.61
436.84
697.77
785.39
532.76
902.23
982.65
907.82
703.6
567.33
847.97
542.16
974.41
772.16
760.16
503.56
454.21
553.16
915.14
946.64
819.78
835.11
537.93
745.63
886.38
642.31
993.06
454
592.56
706.85
436.36
835.41
733.93
717.62
897.99
915.26
873.42
590.7
671.32
851.34
465.92
465.85
561.93
714.78
983.59
826.25
587.12
574.87
910.21
946.99
783.57
553.22
453.2
902.95
750.83
968.87
436.62
750.78
571.06
896.64
514.59
665.52
636.05
895.94
806.12
524.56
590.86
480.29
802.88
742.59
501.86
488.59
685.65
944.86
731.3
419.76
432.32
883.04
670.82
629.59
873.79
618.57
719.41
826.99
922.89
597.21
790.07
984.9
445.58
752.21
648.33
585.48
558.3
855.26
997.13
511.94
868.69
517.48
995.42
881.36
654.54
837.32
699.01
885.39
613.91
443.95
754.59
946.11
516.26
659.42
849.5
423.51
967.79
858.2
735.29
510.31
698.77
710.71
996.55
912.91
977.44
807.36
642.1
960.99
687.69
539.08
637.77
823.05
735.14
853.98
997.29
977.46
721.04
978.32
469.38
430.87
582.61
748.12
718.58
940.72
724.33
659.19
725.6
827.45
410
880.55
485.51
687.08
554.1
621.46
797.06
501.77
567.27
518.93
517.04
596.1
928.2
682.66
642.38
507.54
981.36
644.47
906.69
769.2
625.97
926.31
870.91
678.97
888.39
939.07
657.54
600.6
757.99
941.19
821.24
626.47
840.97
972.46
725.69
724.06
586.67
442.74
509.19
455.79
678.09
405.6
949.02
785.64
400.85
418.23
525.08
672.98
476.36
405.19
836.25
612.47
868.27
661.99
661.93
429.53
429.78
454.66
756.42
544.65
904.82
914.33
978.17
693.34
532.19
535.73
722.07
857.27
608.54
676.74
783.59
950.4
496.94
829.38
746.64
659.98
930.55
635.83
507.39
780
774.4
596.76
881.78
999.69
988.59
476.22
539.34
414.18
764.46
466.49
644.48
930.45
728.88
621.4
525.01
664.57
973.72
474.42
682.46
914.14
426.03
814.98
987.39
569.96
480.27
811.17
945.67
766.52
939.99
516.06
852.65
607.76
651.18
493.43
891.4
774.95
843.14
883.07
440.33
970.47
698.55
853.09
845.44
898.68
493.9
674.39
770.86
959.31
901.05
937.25
749.51
749.65
912.96
420.92
931.25
644.64
421.83
847.69
492.9
486.35
763.58
552.69
594.49
641.07
643.82
631.71
765.88
500.13
512.86
456.78
593.91
861.76
540.47
844.22
815.69
894.45
896.79
576.02
585.62
713.82
595.18
899.11
886.18
734.2
557.78
808.34
540.19
673.86
630.74
723.16
995.02
853.13
988.27
540.87
717.14
430.86
854.13
761.19
914.3
992.97
957.69
645.71
400.2
724.53
524.64
531.57
595.48
457.57
848.52
849.11
725.98
602.88
899.4
731.54
974.53
935.7
613.9
727.84
608.01
773.68
877.97
847.52
475.32
893.44
415.09
648.66
838.84
868.82
620.37
500
